3
255 0 24 912 0 0 0
102 0 255 62 1266 1266 1272
0 54 255 114 1089 1089 1095
102 255 0 49 474 475 478
255 0 72 72 1625 1625 1630
240 0 255 102 1422 1422 1428
255 228 0 91 289 290 293
0 174 255 44 954 954 960
0 255 36 51 633 633 638
255 0 144 79 1545 1545 1551
168 255 0 23 404 405 407
0 255 0 26 586 587 592
255 0 204 28 1480 1480 1486
0 132 255 21 999 999 1005
36 0 255 33 1193 1193 1199
120 255 0 19 453 454 456
192 255 0 35 375 376 374
144 255 0 15 431 432 434
54 255 0 15 529 529 533
255 138 0 18 189 190 191
180 0 255 13 1353 1353 1359
255 6 0 12 25 26 26
12 0 255 12 1165 1165 1171
0 96 255 11 1041 1041 1047
60 0 255 11 1218 1218 1224
255 126 0 11 177 178 179
255 18 0 10 59 60 61
0 114 255 10 1021 1021 1027
156 0 255 10 1325 1325 102
255 66 0 10 109 110 108
216 0 255 10 1390 1390 1396
84 0 255 10 1246 1246 1252
