4
0 255 255 166 0 0 0 0
0 255 156 168 1576 1575 1574 1577
120 0 255 193 420 420 420 420
36 255 0 128 1358 1357 1357 1359
255 255 0 110 1119 1117 1117 1119
60 0 255 54 352 352 352 352
0 255 108 83 1524 1523 1523 1526
0 36 255 46 236 236 236 236
255 0 180 73 636 636 636 636
18 0 255 76 304 304 304 304
255 0 102 43 728 728 728 728
0 102 255 37 167 167 167 167
255 0 24 57 813 813 813 813
174 255 0 31 1203 1201 1201 1203
0 66 255 30 205 205 205 205
255 108 0 44 966 963 963 965
255 0 138 27 682 682 682 682
72 255 0 40 1320 1319 1314 1316
255 0 54 24 778 778 778 778
255 0 240 21 573 573 573 573
198 0 255 20 504 504 504 504
0 255 72 33 1484 1483 1484 1487
255 48 0 12 896 896 896 896
255 198 0 17 1062 1059 1059 1062
234 0 255 15 544 544 544 544
255 0 210 15 603 603 603 603
255 6 0 13 851 851 851 851
192 255 0 12 1184 1182 1182 1184
0 255 102 12 1516 1354 1354 1356
114 255 0 11 1274 1273 1273 1275
255 0 114 10 713 713 713 713
222 0 255 10 533 533 533 533
36 255 0 10 1356 946 946 948
120 255 0 10 1263 1262 1262 1264
108 0 255 10 407 407 407 407
