12
0 255 30 436 0 0 0 0 0 0 0 0 0 0 0 0
0 255 186 439 173 173 173 173 173 174 173 173 172 173 173 173
0 48 255 205 467 467 467 466 466 469 467 467 466 467 466 467
126 255 0 91 1506 1506 1508 1504 1510 1518 1507 1508 1502 1503 1505 1509
255 0 156 305 911 911 911 910 916 913 911 911 910 911 910 911
255 255 0 133 1370 1371 1372 1370 1374 1370 1370 1372 1366 1368 1369 1373
0 132 255 80 374 374 374 373 373 376 374 374 373 374 373 374
108 0 255 35 647 647 647 646 646 649 647 647 646 647 646 647
0 168 255 33 334 334 334 333 333 336 334 334 333 334 333 334
255 0 240 30 814 814 814 813 819 816 814 814 813 814 813 814
174 0 255 87 724 724 724 723 729 726 724 724 723 724 723 724
0 255 0 25 1646 1646 1648 1643 1650 1657 1647 1648 1640 1643 1645 1649
255 6 0 22 1078 1078 1078 1077 1083 1081 1078 1078 1077 1078 1076 1078
255 78 0 30 1173 1175 1174 1173 1178 1176 1173 1188 1172 1173 1171 1176
150 0 255 28 696 696 696 695 701 698 696 696 695 696 695 696
255 174 0 32 1282 1283 1282 1281 1286 1307 1281 1284 1278 1280 1280 1285
102 0 255 11 645 645 645 644 644 866 645 645 644 645 644 645
0 255 180 10 171 171 171 171 171 1675 171 171 170 171 171 171
0 60 255 10 455 455 455 454 454 457 455 455 454 455 454 455
