4
0 255 0 342 0 0 0 0
126 255 0 175 1532 1531 1529 1532
0 186 255 90 348 348 348 348
0 60 255 61 487 487 487 487
48 0 255 74 616 616 616 616
0 255 156 44 172 172 172 172
255 90 0 69 1220 1219 1217 1221
255 180 0 68 1322 1321 1319 1323
255 132 0 59 1268 1267 1265 1269
162 255 0 32 1492 1491 1489 1492
0 255 255 31 282 282 282 282
0 90 255 29 457 457 457 457
255 0 96 30 1011 1011 1013 1015
0 255 216 46 238 238 238 238
255 48 0 28 1173 1172 1171 1175
12 0 255 42 572 572 572 572
210 255 0 28 1445 1444 1442 1445
222 0 255 38 808 808 808 809
255 222 0 18 1368 1367 1365 1369
255 0 255 17 833 833 833 836
150 0 255 14 727 727 727 727
0 255 126 13 139 139 139 139
255 0 42 13 1070 1069 1070 1074
0 255 144 11 160 160 160 160
255 0 138 11 963 963 964 967
198 0 255 11 780 780 780 780
255 255 0 10 1404 1403 1400 1404
0 198 255 10 334 334 334 1174
0 255 255 10 271 271 271 271
