5
0 255 198 185 0 0 0 0 0
0 255 96 90 1570 1564 1564 1563 1566
12 0 255 131 354 357 356 355 356
144 255 0 135 1298 1295 1294 1293 1293
255 0 72 145 813 816 815 814 815
132 0 255 142 486 489 488 487 488
0 180 255 109 132 134 133 132 133
0 42 255 45 287 290 289 288 289
0 114 255 69 204 207 206 205 206
255 0 228 78 643 646 645 644 645
255 0 174 59 701 704 703 702 703
0 255 54 64 1527 1522 1521 1520 1523
228 0 255 45 594 597 596 595 596
54 255 0 88 1399 1397 1395 1394 1395
234 255 0 18 1198 1194 1193 1191 1193
255 66 0 19 973 973 973 973 972
255 255 0 17 1182 1178 1177 1175 1175
255 0 96 16 787 790 789 788 789
126 0 255 10 478 481 480 479 770
