6
0 255 66 303 0 0 0 0 0 0
12 0 255 244 500 500 499 500 499 500
72 255 0 221 1521 1521 1523 1525 1524 1521
0 255 234 74 187 187 186 187 186 187
0 138 255 185 325 325 324 325 324 325
255 0 96 80 934 934 933 934 933 934
198 0 255 130 709 709 708 709 708 709
0 186 255 42 276 276 275 276 275 276
255 120 0 81 1181 1180 1182 1183 1183 1181
0 24 255 57 451 451 450 451 450 451
0 48 255 26 424 424 423 424 423 424
210 255 0 55 1369 1369 1371 1373 1372 1369
255 174 0 18 1240 1240 1242 1243 1243 1240
255 66 0 56 1119 1117 1118 1120 1118 1119
168 255 0 59 1415 1415 1417 1419 1418 1415
240 255 0 18 1336 1336 1338 1340 1339 1336
255 0 204 44 810 811 810 811 810 810
102 255 0 18 1489 1489 1491 1493 1492 1489
0 255 216 16 168 168 168 168 168 168
255 0 24 12 1015 1015 1014 1015 1014 1015
