26
0 168 255 633 0 0 0 0 0 0 0 0 0 0 0 0 0 0 0 0 0 0 0 0 0 0 0 0 0 0
240 255 0 135 1038 1045 1038 1039 1043 1039 1039 1038 1037 1038 1037 1039 1038 1037 1038 1043 1042 1042 1038 1039 1039 1042 1042 1042 1041 1044
0 255 42 91 1358 1362 1358 1353 1359 1364 1354 1353 1353 1356 1355 1354 1354 1354 1354 1359 1359 1359 1358 1353 1355 1357 1361 1357 1357 1359
255 0 186 214 542 542 542 542 542 542 542 542 542 542 542 542 542 542 542 542 542 542 542 542 542 542 542 542 542 542
0 255 234 72 1574 1580 1574 1569 1575 1581 1569 1571 1567 1572 1571 1572 1572 1569 1569 1575 1579 1573 1574 1569 1571 1573 1577 1574 1573 1575
0 255 102 52 1425 1430 1425 1420 1426 1432 1422 1421 1421 1424 1423 1422 1422 1422 1422 1426 1427 1427 1425 1420 1423 1425 1428 1425 1424 1426
0 222 255 25 1623 1629 1623 1618 1624 1632 1618 1620 1616 1621 1620 1621 1621 1618 1618 1624 1628 1622 1623 1618 1620 1622 1626 1623 1622 1624
255 0 240 27 479 479 479 479 479 479 479 479 479 479 479 479 479 479 479 479 479 479 479 479 479 479 479 479 479 479
96 255 0 12 1204 1211 1206 1203 1209 1205 1205 1204 1203 1204 1203 1205 1203 1203 1203 1209 1207 1207 1204 1203 1204 1208 1208 1208 1207 1208
