3
0 12 255 165 0 0 0
0 234 255 114 1432 1429 1429
255 0 102 171 460 460 460
144 255 0 100 970 967 967
0 255 72 77 1222 1219 1219
255 255 0 105 853 850 850
222 0 255 67 265 265 265
0 255 144 89 1302 1299 1299
150 0 255 99 186 186 186
0 66 255 93 1618 1615 1615
0 255 24 79 1167 1164 1164
255 36 0 85 620 619 619
255 102 0 40 690 687 687
30 255 0 62 1101 1098 1098
255 180 0 33 776 773 773
0 255 204 32 1367 1364 1364
0 255 234 31 1400 1397 1397
186 255 0 29 924 921 921
0 126 255 28 1552 1549 1549
255 210 0 28 810 807 807
255 0 144 25 410 410 410
255 12 0 25 594 593 593
255 0 216 22 333 333 333
255 0 192 19 356 356 356
204 0 255 17 247 247 247
0 255 6 15 1146 1143 1143
162 255 0 15 954 951 951
255 162 0 13 759 756 756
255 0 120 12 436 436 436
0 240 255 11 1423 576 576
255 132 0 11 728 725 725
255 150 0 11 747 744 744
255 0 174 11 376 376 376
255 0 168 11 388 388 388
42 255 0 11 1086 1083 1083
255 0 0 11 556 555 555
255 234 0 11 838 835 835
132 0 255 10 162 184 184
