6
30 0 255 325 0 0 0 0 0 0
0 144 255 439 1471 1474 1488 1474 1473 1473
255 204 0 430 749 752 767 752 752 752
255 0 156 225 346 346 346 346 346 346
0 255 168 222 1263 1266 1280 1266 1264 1264
255 42 0 122 567 570 585 570 570 570
234 0 255 268 222 222 222 222 222 222
0 255 42 266 1127 1130 1144 1130 1128 1129
42 255 0 84 1024 1027 1041 1027 1025 1026
255 150 0 43 690 693 708 693 693 693
255 6 0 60 508 511 526 511 511 511
0 174 255 30 1433 1436 1450 1436 1435 1434
78 255 0 29 985 988 1002 988 986 987
12 0 255 16 1650 1653 1667 1654 1652 1653
102 255 0 10 958 961 975 961 959 960
