3
0 192 255 897 0 0 0
0 255 90 508 1433 1435 1414
255 0 198 125 549 548 548
255 255 0 99 1048 1050 1029
255 180 0 119 976 978 957
255 0 84 94 675 674 674
0 255 0 55 1327 1329 1308
0 255 48 74 1383 1385 1364
255 0 234 71 508 507 507
162 255 0 67 1148 1150 1129
255 138 0 46 926 928 907
114 255 0 31 1197 1199 1178
255 36 0 32 814 816 795
30 255 0 55 1290 1292 1271
255 108 0 50 892 894 873
255 78 0 29 862 864 843
0 210 255 30 1650 1652 1631
255 18 0 17 796 798 777
0 240 255 15 1619 1621 1600
255 66 0 13 847 849 828
72 255 0 11 1244 1246 1225
42 255 0 10 1278 1280 1259
