6
0 114 255 189 0 0 0 0 0 0
0 255 12 360 1272 1272 1271 1273 1271 1266
255 0 234 350 433 432 431 431 431 429
60 0 255 93 204 203 202 202 202 200
255 0 0 404 675 674 673 670 673 665
78 255 0 189 1170 1170 1169 1171 1169 1164
255 0 96 139 587 586 585 585 585 583
255 198 0 115 919 918 917 917 917 909
0 174 255 79 1626 1625 1624 1625 1624 1619
150 0 255 83 300 299 298 298 298 296
0 255 240 115 1530 1529 1529 1530 1528 1522
255 150 0 45 866 865 864 864 864 856
0 255 204 26 1492 1491 1490 1492 1490 1484
204 255 0 74 1030 1030 1028 1030 1028 1021
240 0 255 22 406 405 404 404 404 402
234 255 0 17 996 996 994 995 994 987
210 0 255 26 367 366 365 365 365 363
0 255 222 10 1510 1509 1132 1510 1508 1502
