4
0 255 186 307 0 0 0 0
0 255 90 89 1566 1571 1567 1572
150 255 0 151 1296 1305 1299 1301
12 0 255 132 364 365 364 363
174 0 255 209 547 548 547 546
240 0 255 86 621 625 621 620
6 255 0 154 1453 1454 1457 1460
255 0 72 99 823 827 823 822
255 12 0 66 924 928 923 924
0 114 255 97 220 224 220 219
132 0 255 44 498 499 498 497
255 0 156 67 728 732 728 727
0 186 255 36 140 144 140 139
255 255 0 34 1180 1188 1183 1184
102 0 255 32 464 465 464 463
0 42 255 30 301 305 301 300
0 150 255 31 183 187 183 182
186 255 0 36 1253 1261 1256 1258
255 108 0 46 1029 1033 1028 1030
0 255 60 28 1537 1542 1538 1543
255 0 108 39 783 787 783 782
0 6 255 20 336 340 336 335
204 255 0 23 1233 1241 1236 1238
255 6 0 12 899 903 898 898
255 138 0 11 1065 1069 1065 1067
