9
0 255 204 466 0 0 0 0 0 0 0 0 0
0 66 255 346 250 250 251 251 250 250 250 250 250
192 0 255 122 547 547 548 548 547 547 547 547 547
0 255 48 52 1504 1504 1511 1509 1502 1504 1504 1504 1505
255 144 0 91 1048 1049 1052 1049 1047 1049 1049 1049 1049
114 255 0 41 1316 1316 1322 1318 1314 1316 1316 1316 1316
255 255 0 58 1162 1162 1167 1164 1160 1162 1162 1162 1162
0 255 114 63 1575 1575 1583 1580 1573 1575 1575 1575 1576
162 255 0 67 1265 1265 1271 1267 1263 1265 1265 1265 1265
72 255 0 103 1364 1364 1370 1366 1362 1364 1364 1364 1364
120 0 255 26 463 463 464 464 463 463 463 463 463
198 255 0 46 1224 1224 1230 1226 1222 1224 1224 1224 1224
255 120 0 27 1024 1025 1027 1025 1024 1025 1025 1025 1025
255 0 96 34 779 779 780 780 779 779 779 779 779
255 0 48 18 830 830 832 831 830 830 830 830 830
0 255 30 17 1486 1486 1493 1491 1484 1486 1486 1486 1487
255 0 66 16 814 814 815 815 814 814 814 814 814
78 0 255 28 417 417 418 418 417 417 417 417 417
0 255 96 14 1557 1557 1564 1562 1555 1557 1557 1557 1558
255 0 144 14 725 725 726 726 725 725 725 725 725
255 0 204 26 660 660 661 661 660 660 660 660 660
255 72 0 15 971 971 1050 973 971 971 971 971 971
168 0 255 11 520 520 521 521 520 520 520 520 520
0 90 255 10 226 226 227 227 226 226 226 226 226
