2
0 255 192 767 0 0
0 255 78 106 1530 1539
168 255 0 103 1258 1263
222 0 255 59 585 585
102 0 255 48 451 451
174 0 255 73 533 533
255 255 0 36 1163 1169
255 162 0 30 1071 1076
0 255 30 28 1476 1486
36 255 0 24 1397 1406
255 0 162 25 709 709
66 0 255 24 414 414
0 255 6 20 1455 1465
255 120 0 19 1022 1027
255 0 48 19 834 834
54 255 0 30 1381 1389
198 255 0 17 1220 1225
255 0 120 17 756 756
255 0 96 16 780 780
255 0 174 15 693 693
156 0 255 14 512 512
255 0 24 14 862 863
255 210 0 14 1125 1131
0 255 0 13 1441 1451
255 48 0 12 946 949
255 102 0 12 1007 1012
60 0 255 11 405 667
255 66 0 11 964 967
255 0 204 10 661 661
84 0 255 10 430 1480
0 255 54 10 1505 1515
