3
0 255 114 190 0 0 0
120 255 0 106 1414 1418 1412
0 255 30 81 1592 1596 1590
255 12 0 126 1011 1015 1011
0 72 255 66 348 348 348
42 0 255 88 480 474 480
192 255 0 87 1339 1343 1338
6 255 0 73 1544 1548 1542
255 186 0 75 1200 1204 1200
0 0 255 41 433 433 433
0 210 255 39 196 196 196
234 0 255 55 693 693 693
192 0 255 59 647 647 647
255 0 42 33 940 943 940
255 222 0 25 1245 1249 1245
0 114 255 56 305 305 305
255 0 90 52 889 892 890
255 156 0 28 1168 1172 1168
255 126 0 28 1139 1143 1139
0 138 255 27 276 276 276
255 102 0 40 1108 1112 1108
0 162 255 20 251 251 251
255 12 0 19 991 995 991
108 0 255 23 556 556 555
24 255 0 17 1524 1528 1522
255 0 18 22 969 533 969
204 255 0 15 1321 1325 1320
255 0 132 13 841 844 843
0 174 255 13 237 237 237
255 84 0 12 1093 1097 1093
255 0 228 12 739 739 739
255 0 114 11 864 867 866
