13
0 255 192 715 0 0 0 0 0 0 0 0 0 0 0 0 0
36 255 0 374 1420 1420 1420 1425 1418 1417 1420 1422 1420 1420 1418 1422 1424
0 96 255 264 234 234 234 236 234 234 234 236 234 234 234 235 234
204 255 0 236 1237 1237 1237 1243 1237 1234 1237 1240 1238 1238 1236 1239 1244
0 255 90 188 1566 1566 1566 1571 1566 1563 1566 1568 1566 1566 1564 1568 1570
255 0 96 168 791 791 791 793 791 791 791 793 792 791 791 792 791
255 132 0 178 1051 1051 1051 1056 1051 1048 1051 1054 1052 1052 1050 1053 1052
108 0 255 86 466 466 466 468 466 466 466 468 466 466 466 467 466
54 0 255 63 410 410 410 412 410 410 410 412 410 410 410 411 410
204 0 255 78 573 573 573 575 573 573 573 575 573 573 573 574 573
255 0 240 63 635 635 635 637 635 635 635 637 636 635 635 636 635
255 18 0 58 927 927 927 931 927 924 927 930 928 928 926 929 927
255 255 0 23 1189 1189 1189 1194 1189 1186 1189 1192 1190 1190 1188 1191 1190
0 255 174 18 1661 1661 1661 1666 1661 1658 1661 1663 1661 1661 1659 1663 1665
255 0 168 28 714 714 714 716 714 714 714 716 715 714 714 715 714
174 0 255 16 538 538 538 540 538 538 538 540 538 538 538 539 538
0 255 162 13 1647 1647 1647 1652 1647 1644 1647 1649 1647 1647 1645 1649 1651
240 0 255 12 614 614 614 616 614 614 614 616 615 614 614 615 614
255 66 0 12 979 979 979 983 979 976 979 982 980 980 978 981 979
