9
204 255 0 684 0 0 0 0 0 0 0 0 0
0 255 30 271 264 262 263 262 263 264 264 264 264
0 42 255 203 733 732 731 732 737 732 732 733 733
255 0 255 247 1066 1065 1064 1065 1070 1065 1065 1066 1066
0 255 228 178 484 483 482 483 482 483 483 484 484
255 0 96 120 1231 1230 1229 1230 1235 1230 1230 1231 1231
0 144 255 108 622 621 620 621 626 621 621 622 622
0 186 255 87 573 572 571 572 577 572 572 573 573
0 255 192 61 440 438 438 439 438 439 439 440 440
216 0 255 48 1022 1021 1020 1021 1026 1021 1021 1022 1022
255 255 0 28 1615 1620 1619 1621 1627 1621 1620 1615 1615
255 12 0 97 1358 1358 1358 1358 1365 1359 1359 1358 1358
162 0 255 20 967 966 965 966 971 966 966 967 967
255 156 0 17 1516 1518 1517 1519 1525 1520 1518 1516 1516
255 0 30 21 1303 1302 1303 1302 1309 1304 1304 1303 1303
138 0 255 15 941 940 939 940 945 940 940 941 941
0 72 255 15 702 701 700 701 706 701 701 702 702
255 102 0 12 1458 1460 1460 1461 1468 1462 1461 1458 1458
216 255 0 10 1656 1661 1660 1662 1668 1662 1661 1656 1656
180 0 255 10 988 987 986 987 992 987 987 988 988
