2
138 255 0 320 0 0
255 132 0 309 1425 1424
0 255 30 127 189 189
0 90 255 109 612 612
0 204 255 100 484 484
174 0 255 58 914 914
255 84 0 55 1369 1368
0 255 204 41 385 385
6 0 255 41 722 722
255 0 96 44 1168 1168
216 255 0 40 1590 1589
138 0 255 71 872 872
228 0 255 37 973 973
0 255 255 36 439 439
255 42 0 34 1326 1325
255 0 228 32 1019 1019
162 255 0 32 1649 1648
0 255 144 32 317 317
0 114 255 26 585 585
255 0 30 42 1241 1073
0 255 174 36 350 350
255 0 42 20 1227 1226
48 0 255 17 773 773
255 0 198 15 1052 1052
255 6 0 15 1283 1282
108 0 255 14 836 836
255 0 0 13 1257 1256
66 0 255 13 791 791
255 0 138 12 1120 1120
255 24 0 23 1305 1244
255 0 54 11 1209 1208
0 255 240 11 427 427
180 255 0 11 1631 1630
96 0 255 11 822 822
255 0 198 10 1049 1582
