2
255 0 240 178 0 0
0 255 90 90 931 933
114 255 0 82 699 698
0 255 234 74 1091 1092
12 0 255 69 1402 1404
0 54 255 47 1328 1330
0 180 255 46 1182 1184
0 255 48 75 886 888
144 255 0 33 661 660
255 0 72 41 181 181
132 0 255 67 1537 1539
0 255 198 33 1049 1051
102 0 255 31 1505 1507
228 0 255 30 1645 1647
255 0 114 26 138 138
0 96 255 32 1276 1278
12 255 0 44 808 808
255 114 0 24 400 398
78 0 255 21 1476 1478
0 6 255 20 1376 1378
255 216 0 20 508 506
255 255 0 20 541 539
0 132 255 19 1235 1237
204 0 255 18 1621 1623
0 66 255 18 1309 1311
240 255 0 18 560 560
0 114 255 16 1255 1257
255 0 24 28 240 583
255 60 0 15 340 339
0 255 6 15 835 836
180 0 255 15 1591 1593
255 156 0 14 447 444
162 255 0 14 646 645
0 255 36 13 872 874
255 42 0 13 318 318
198 255 0 13 607 606
0 255 174 14 1023 1023
42 255 0 19 780 793
255 18 0 12 292 292
180 255 0 12 621 620
255 84 0 12 362 361
114 255 0 11 697 859
168 255 0 10 638 780
126 0 255 10 1529 137
0 255 186 10 1038 1040
