5
0 255 138 725 0 0 0 0 0
0 255 36 196 1565 1569 1560 1567 1561
216 0 255 120 645 647 645 647 647
255 0 96 70 854 856 854 856 856
120 0 255 108 538 540 538 540 540
0 66 255 111 323 325 323 325 325
180 255 0 109 1322 1323 1317 1324 1316
36 0 255 88 448 450 448 450 450
96 255 0 42 1411 1412 1406 1413 1405
0 6 255 36 395 397 395 397 397
0 132 255 35 251 253 251 253 253
255 66 0 123 1037 1042 1039 1041 1040
255 0 186 40 754 756 754 756 756
186 0 255 35 611 613 611 613 613
228 255 0 58 1270 1270 1268 1272 1265
255 0 30 17 926 928 926 928 929
102 0 255 25 521 523 521 523 523
255 255 0 14 1242 1247 1243 1246 1240
255 216 0 12 1209 1214 1210 1213 1207
48 255 0 11 1467 1467 1462 1469 1461
84 0 255 11 501 503 818 503 503
