14
0 255 78 225 0 0 0 0 0 0 0 0 0 0 0 0 0 0
0 120 255 710 335 335 335 334 334 336 334 335 335 335 335 335 334 335
150 0 255 709 642 642 642 641 641 643 647 642 642 642 642 642 641 642
0 255 228 168 171 171 171 170 170 172 170 171 171 171 171 171 170 171
96 255 0 166 1481 1481 1483 1472 1479 1482 1485 1482 1479 1483 1478 1478 1480 1484
0 255 12 153 1608 1608 1610 1596 1605 1608 1612 1609 1606 1610 1603 1605 1607 1611
0 174 255 56 275 275 275 274 274 276 274 275 275 275 275 275 274 275
255 255 0 133 1316 1317 1318 1308 1316 1317 1320 1316 1315 1318 1313 1314 1315 1319
255 78 0 85 1119 1121 1120 1117 1119 1120 1124 1119 1120 1134 1119 1119 1117 1122
126 255 0 39 1452 1452 1454 1443 1450 1453 1456 1453 1450 1454 1449 1449 1451 1455
255 0 0 40 1015 1015 1015 1014 1014 1016 1020 1015 1015 1015 1015 1015 1013 1015
