5
48 0 255 1410 0 0 0 0 0
0 255 102 276 1180 1180 1180 1180 1180
0 255 234 62 1325 1325 1325 1325 1325
0 255 36 72 1107 1107 1107 1107 1107
255 12 0 117 501 501 501 501 501
18 255 0 94 1042 1042 1042 1042 1042
0 66 255 103 1546 1546 1546 1546 1546
234 255 0 52 798 798 798 798 798
0 204 255 48 1389 1389 1389 1390 1389
255 84 0 67 600 600 600 600 600
156 255 0 46 886 886 886 886 886
6 0 255 71 1628 1628 1628 1630 1628
255 222 0 32 755 755 755 755 755
0 150 255 69 1450 1450 1450 1450 1450
186 255 0 50 851 851 851 851 851
66 255 0 26 984 984 984 984 984
255 126 0 24 648 648 648 648 648
114 255 0 24 934 934 934 934 934
255 180 0 27 709 709 709 709 709
255 150 0 23 673 673 673 673 673
0 12 255 28 1606 1606 1606 1606 1606
0 90 255 12 1517 1517 1517 1517 1517
84 255 0 11 963 963 963 963 963
255 60 0 11 572 572 572 572 572
42 255 0 11 1013 1013 1013 1013 1013
36 0 255 10 1664 1664 1664 1664 1664
