3
255 255 0 399 0 0 0
0 255 36 598 322 320 321
0 255 186 149 493 490 492
0 60 255 143 769 766 768
255 0 108 139 1273 1270 1272
240 0 255 155 1109 1106 1108
255 186 0 91 1609 1606 1609
48 0 255 53 893 890 892
255 36 0 99 1441 1439 1441
102 0 255 43 955 952 954
0 144 255 44 679 676 678
174 0 255 52 1037 1034 1036
0 174 255 35 643 640 642
6 255 0 34 271 270 271
255 108 0 50 1520 1517 1520
150 0 255 29 1007 1004 1006
255 0 144 30 1233 1230 1232
6 0 255 25 851 848 850
255 0 24 16 1365 1362 1364
255 0 0 35 1379 1376 1378
255 138 0 30 1554 1551 1554
255 0 0 13 1403 1401 1403
255 0 174 13 1202 1199 1201
255 0 192 13 1184 1181 1183
0 84 255 11 745 742 744
0 96 255 10 730 727 729
