3
0 255 72 171 0 0 0
204 255 0 101 1363 1363 1364
0 255 234 81 178 178 178
210 0 255 64 709 709 710
255 0 84 56 940 940 941
12 0 255 124 489 489 490
162 0 255 94 656 656 657
0 54 255 43 414 414 415
108 0 255 56 595 595 596
255 0 30 33 997 997 998
255 186 0 54 1243 1243 1243
0 174 255 49 275 275 276
96 255 0 26 1482 1482 1482
255 0 174 29 839 839 840
0 255 36 25 1635 1635 1638
0 255 210 24 151 151 151
78 0 255 48 563 563 564
0 96 255 23 367 367 368
0 255 186 22 128 128 128
255 0 234 18 774 774 775
255 0 144 18 869 869 870
240 255 0 18 1326 1326 1326
255 162 0 17 1216 1216 1215
255 0 204 17 805 805 806
0 6 255 16 467 467 468
255 114 0 16 1163 1163 1164
255 132 0 16 1188 1188 1187
36 255 0 16 1553 1553 1554
255 60 0 15 1107 1107 1109
114 255 0 15 1466 1466 1466
0 66 255 15 396 396 397
255 0 96 14 925 925 926
0 255 12 14 1611 1611 1614
138 0 255 12 631 631 632
216 255 0 11 1352 1352 1352
255 0 216 11 793 793 794
255 216 0 10 1280 1280 1280
6 255 0 10 1585 1585 1586
48 255 0 10 1536 1536 1537
150 0 255 10 644 644 645
