4
0 255 150 449 0 0 0 0
0 255 78 111 1604 1603 1606 1606
255 0 255 122 666 666 666 666
0 48 255 43 333 333 333 333
96 255 0 43 1399 1399 1401 1398
255 0 96 81 842 842 842 842
6 0 255 63 400 400 400 400
18 255 0 61 1490 1511 1514 1513
144 0 255 34 554 554 554 554
0 132 255 34 243 243 243 243
36 0 255 61 437 437 437 437
255 255 0 32 1234 1234 1236 1235
255 174 0 55 1147 1147 1149 1148
255 0 42 30 905 905 905 905
0 96 255 27 281 281 281 281
216 0 255 43 634 634 634 634
255 120 0 25 1088 1088 1091 1091
255 36 0 24 992 992 994 994
255 0 144 38 791 791 791 791
255 210 0 22 1187 1187 1189 1188
84 0 255 33 490 490 490 490
144 255 0 29 1348 1343 1345 1342
108 0 255 19 513 513 513 513
0 255 36 18 1558 1557 1560 1559
186 0 255 18 602 602 602 602
0 6 255 17 381 381 381 381
255 0 174 17 757 757 757 757
126 0 255 15 533 533 533 533
0 66 255 15 314 314 314 314
255 234 0 20 1217 1217 1219 929
255 0 156 13 777 777 777 777
114 255 0 12 1383 1383 1385 1546
255 228 0 11 1211 1211 1213 1212
255 0 120 11 816 816 816 816
108 255 0 11 1386 1386 1388 979
255 0 198 11 730 730 730 511
0 255 36 10 1552 1552 1555 1554
66 0 255 10 468 468 468 730
0 255 24 10 1544 1556 1559 1558
