2
210 255 0 249 0 0
0 255 12 210 250 250
0 255 198 155 461 461
108 0 255 82 918 918
255 0 72 114 1269 1270
255 255 0 44 1632 1627
255 0 255 35 1079 1079
60 0 255 65 863 863
255 210 0 33 1589 1584
0 42 255 32 744 744
255 180 0 28 1553 1548
0 156 255 26 617 617
255 0 210 45 1115 1115
0 12 255 24 778 778
255 0 0 40 1334 1333
12 0 255 21 810 810
255 0 102 17 1237 1237
0 90 255 16 690 690
0 114 255 16 661 661
0 66 255 15 715 715
255 0 144 14 1190 1190
192 0 255 14 1012 1012
210 0 255 14 1033 1033
255 84 0 16 1452 1364
255 0 186 13 1143 1143
255 162 0 13 1534 1529
255 0 255 11 1067 1067
0 126 255 11 649 649
255 0 24 13 1326 1025
0 102 255 10 680 1463
0 42 255 10 743 610
