2
0 216 255 757 0 0
6 0 255 232 256 255
0 255 126 290 1504 1504
216 0 255 103 489 488
255 0 84 96 709 708
255 204 0 89 1034 1033
255 0 0 104 806 805
255 156 0 51 982 981
0 255 24 52 1391 1389
30 255 0 46 1328 1326
78 255 0 37 1273 1271
255 108 0 51 929 928
255 72 0 23 888 887
102 255 0 23 1249 1248
255 0 126 21 662 661
255 0 102 19 689 688
255 0 168 33 613 704
0 234 255 17 1662 1662
204 255 0 15 1133 1131
255 96 0 15 913 912
255 0 138 14 647 646
156 255 0 13 1187 1186
174 255 0 13 1163 1162
0 255 96 13 1476 1476
0 255 78 12 1451 1450
255 0 150 12 633 632
0 0 255 12 244 244
0 255 90 12 1464 1463
255 144 0 11 969 968
255 0 186 11 593 592
0 255 114 10 1490 1490
255 0 174 10 605 604
