5
0 255 180 503 0 0 0 0 0
255 0 48 180 867 868 865 865 866
0 255 42 127 1538 1523 1525 1530 1527
132 0 255 84 515 515 513 513 514
210 0 255 192 600 600 598 598 599
0 24 255 75 333 333 331 331 332
255 198 0 94 1150 1150 1146 1152 1147
42 0 255 53 409 409 407 407 408
0 138 255 38 207 207 205 205 206
0 60 255 38 294 294 292 292 293
0 255 114 36 1623 1608 1611 1616 1612
96 0 255 67 474 474 472 472 473
0 168 255 33 173 173 171 171 172
0 255 150 27 1663 1647 1650 1656 1651
0 255 0 36 1494 1477 1481 1484 1481
255 0 72 34 841 842 839 839 840
255 0 150 19 751 751 749 749 750
255 156 0 17 1105 1107 1103 1108 1103
234 255 0 14 1225 1224 1221 1227 1222
255 0 174 11 729 729 727 727 728
255 66 0 11 999 1000 998 999 996
255 0 96 10 815 815 813 813 814
