10
0 255 72 296 0 0 0 0 0 0 0 0 0 0
0 90 255 473 373 370 370 371 370 370 373 374 371 373
0 255 234 204 180 177 177 178 177 177 180 179 177 178
234 255 0 353 1334 1330 1330 1328 1328 1326 1334 1330 1331 1329
174 0 255 159 671 668 668 669 668 668 671 672 669 671
255 0 90 187 931 928 928 929 928 928 931 932 929 931
72 255 0 174 1514 1509 1510 1507 1508 1508 1514 1509 1510 1508
255 204 0 97 1269 1265 1265 1263 1263 1262 1269 1265 1266 1265
255 36 0 97 1081 1077 1077 1076 1077 1074 1081 1080 1076 1079
108 0 255 36 602 599 599 600 599 599 602 603 600 602
150 0 255 20 645 642 642 643 642 642 645 646 643 645
255 0 156 27 860 857 857 858 857 857 860 861 858 860
0 150 255 34 305 302 302 303 302 302 305 306 303 305
0 114 255 23 343 340 340 341 340 340 343 344 341 343
255 120 0 12 1177 1174 1174 1172 1172 1170 1177 1174 1172 1173
255 150 0 10 1205 1202 1201 1200 1200 1199 1205 1202 1201 1201
