13
255 0 66 332 0 0 0 0 0 0 0 0 0 0 0 0 0
0 255 192 415 848 847 848 839 847 848 844 842 847 847 839 844 848
204 255 0 583 406 405 406 400 405 406 399 400 405 405 400 403 406
186 0 255 403 1407 1406 1407 1397 1406 1407 1403 1400 1406 1406 1397 1403 1407
0 18 255 149 1168 1167 1168 1158 1167 1168 1161 1161 1167 1167 1158 1164 1168
84 0 255 167 1292 1291 1292 1282 1291 1292 1288 1285 1291 1291 1282 1288 1292
0 150 255 191 1027 1026 1027 1017 1026 1027 1019 1020 1026 1026 1017 1023 1027
255 0 174 129 1558 1557 1558 1548 1557 1558 1551 1551 1557 1557 1548 1554 1558
255 108 0 172 197 196 197 195 196 197 195 194 196 196 195 196 197
255 255 0 32 352 351 352 347 351 352 346 347 351 351 347 350 352
255 66 0 16 150 150 150 148 149 150 147 148 149 150 148 149 150
0 24 255 17 1162 1161 1162 1152 1161 1162 64 1155 1161 1161 1152 1158 1162
0 255 36 13 674 673 674 665 673 674 669 668 673 673 665 670 674
0 255 0 12 630 628 630 622 628 630 627 623 628 628 622 626 630
