4
0 174 255 503 0 0 0 0
0 255 72 300 1390 1393 1393 1392
255 0 138 362 599 601 599 600
90 255 0 153 1206 1210 1209 1208
126 0 255 110 338 339 337 338
255 0 255 69 471 473 471 472
255 240 0 62 1020 1022 1020 1021
255 72 0 60 838 840 838 839
255 0 192 51 542 544 542 543
255 30 0 82 787 789 787 788
84 0 255 36 295 295 294 295
54 0 255 31 263 263 262 263
198 255 0 55 1085 1088 1086 1087
0 255 6 29 1320 1323 1323 1322
30 0 255 24 237 237 236 237
132 255 0 35 1160 1164 1162 1162
255 132 0 37 903 905 903 904
255 0 0 21 759 761 759 760
0 228 255 13 1612 1615 1616 1614
255 222 0 13 1004 1006 1004 1005
204 0 255 23 425 427 425 426
0 255 48 11 1365 1368 1368 1367
