4
0 96 255 380 0 0 0 0
0 255 138 99 1380 1384 1383 1383
144 255 0 183 1065 1068 1067 1067
0 255 228 172 1480 1483 1482 1482
255 0 204 162 438 438 438 438
162 0 255 89 291 291 291 291
0 186 255 112 1577 1580 1579 1579
255 0 66 54 593 593 593 593
0 255 96 45 1336 1339 1338 1338
255 0 255 47 381 381 381 381
255 12 0 53 682 683 682 682
60 0 255 54 177 177 177 177
255 240 0 123 934 936 935 935
255 0 108 41 541 541 541 541
186 255 0 64 1019 1022 1021 1021
0 255 18 91 1250 1256 1255 1255
255 192 0 31 880 882 881 881
108 0 255 29 234 234 234 234
0 126 255 26 1641 1644 1643 1643
255 150 0 21 837 839 838 838
210 255 0 21 991 994 993 993
255 120 0 13 804 806 805 805
255 66 0 12 741 744 743 743
255 84 0 12 763 765 764 764
