13
210 0 255 1032 0 0 0 0 0 0 0 0 0 0 0 0 0
0 156 255 769 1268 1268 1266 1268 1268 1269 1268 1267 1266 1268 1263 1267 1268
255 96 0 225 435 435 435 435 435 435 435 435 435 435 435 435 435
255 0 0 199 307 307 307 307 307 307 307 307 307 307 307 307 307
0 255 72 206 965 965 963 965 965 966 965 963 963 965 960 964 965
0 255 255 105 1162 1162 1160 1162 1162 1163 1162 1160 1160 1162 1157 1161 1162
144 255 0 183 721 721 720 721 721 721 720 721 720 721 711 721 721
255 255 0 28 606 606 605 606 606 607 605 605 605 606 610 606 606
186 0 255 41 1652 1652 1650 1652 1652 1653 1652 1651 1650 1652 1645 1651 1652
0 255 210 38 1121 1121 1119 1121 1121 1122 1121 1119 1119 1121 1116 1120 1121
180 255 0 12 679 679 678 679 679 679 678 679 678 679 680 679 679
198 255 0 10 662 662 661 662 662 662 661 662 661 662 663 662 662
