2
0 255 240 130 0 0
0 255 66 89 1488 1489
108 255 0 58 1287 1287
255 0 66 55 778 778
255 0 102 51 732 732
0 255 180 50 1616 1618
156 255 0 47 1238 1238
0 42 255 45 243 243
255 255 0 38 1131 1130
12 0 255 46 308 308
0 255 144 36 1578 1579
216 0 255 33 532 532
0 126 255 32 149 149
255 0 156 31 678 678
255 0 222 49 599 599
120 0 255 24 428 428
180 255 0 24 1208 1207
255 18 0 24 876 876
6 255 0 38 1403 832
48 255 0 23 1357 1356
255 228 0 15 1109 1109
255 0 174 19 657 657
150 0 255 19 464 464
0 255 42 18 1465 1465
255 42 0 18 902 903
54 0 255 18 355 355
0 0 255 17 290 290
102 0 255 17 410 410
180 0 255 15 496 496
0 66 255 15 214 214
72 0 255 15 374 374
255 0 240 14 581 581
255 156 0 14 1031 1032
0 255 12 13 1431 1431
198 0 255 13 518 518
255 156 0 13 1027 1422
255 84 0 12 949 950
255 102 0 12 967 968
255 144 0 11 1014 1015
84 0 255 11 390 390
0 255 24 11 1441 711
255 0 120 11 713 713
48 255 0 10 1355 1439
66 0 255 10 371 368
255 0 192 10 632 632
255 216 0 10 1093 1093
