10
0 255 42 1138 0 0 0 0 0 0 0 0 0 0
255 150 0 778 1229 1227 1227 1227 1227 1227 1227 1229 1229 1227
102 0 255 346 624 622 622 622 622 622 622 624 624 622
255 0 0 183 1068 1066 1066 1066 1066 1066 1066 1068 1068 1066
255 0 126 105 922 920 920 920 920 920 920 922 922 920
255 96 0 57 1171 1169 1169 1169 1169 1169 1169 1171 1171 1169
255 0 162 37 878 876 876 876 876 876 876 878 878 876
255 0 24 31 1034 1032 1032 1032 1032 1032 1032 1034 1034 1032
255 0 186 34 855 853 853 853 853 853 853 855 855 853
255 0 168 10 873 618 618 618 618 618 618 873 873 618
