12
234 255 0 142 0 0 0 0 0 0 0 0 0 0 0 0
255 108 0 27 263 262 261 267 270 270 264 267 267 264 264 264
255 12 0 38 241 239 238 243 246 246 241 244 243 241 241 241
0 162 255 18 112 112 112 113 114 114 113 115 113 113 112 113
12 0 255 19 147 147 147 148 149 149 148 151 148 148 147 148
255 0 84 19 225 224 223 228 231 231 226 229 228 226 226 226
255 0 180 18 206 205 205 209 212 212 207 210 209 207 207 207
0 255 255 14 95 95 95 96 95 95 96 98 96 96 95 96
216 0 255 20 186 186 186 190 192 192 187 190 189 187 186 187
