7
0 204 255 304 0 0 0 0 0 0 0
0 255 132 362 1494 1497 1496 1494 1493 1493 1494
48 255 0 477 1288 1289 1288 1287 1287 1287 1288
186 255 0 180 1136 1137 1136 1135 1134 1134 1134
0 30 255 154 194 194 194 194 194 194 194
255 0 144 190 624 624 624 624 624 624 624
174 0 255 96 428 428 428 428 428 428 428
255 0 210 62 549 549 549 549 549 549 549
255 255 0 32 1070 1071 1071 1070 1068 1068 1068
60 0 255 29 301 301 301 301 301 301 301
96 0 255 46 339 339 339 339 339 339 339
255 0 240 45 521 521 521 521 521 521 521
120 0 255 20 369 369 369 369 369 369 369
144 0 255 28 394 394 394 394 394 394 394
255 6 0 43 796 840 840 839 840 840 840
255 78 0 13 875 875 875 874 875 875 875
255 0 18 13 763 764 764 763 764 764 764
255 0 156 13 610 610 610 610 610 610 610
255 186 0 11 996 997 997 996 994 994 994
255 96 0 11 897 898 898 897 898 898 898
